Size (fileB,fileA,uniqAB);Serial Score;Serial LCS Time;Parallel Score;Parallel LCS Time;Execution
(10000,10000,20);3803;0.328087;3803;0.463592;2;1
(10000,10000,20);3803;0.319638;3803;0.462557;2;2
(10000,10000,20);3803;0.320113;3803;0.423273;2;3
(10000,10000,20);3803;0.319859;3803;0.445436;2;4
(10000,10000,20);3803;0.318706;3803;0.453571;2;5
(10000,10000,20);3803;0.320705;3803;0.470500;2;6
(10000,10000,20);3803;0.321858;3803;0.441108;2;7
(10000,10000,20);3803;0.316282;3803;0.444728;2;8
(10000,10000,20);3803;0.324694;3803;0.453717;2;9
(10000,10000,20);3803;0.321101;3803;0.452826;2;10
(10000,10000,20);3803;0.317452;3803;0.445469;2;11
(10000,10000,20);3803;0.320217;3803;0.452261;2;12
(10000,10000,20);3803;0.321155;3803;0.456744;2;13
(10000,10000,20);3803;0.322849;3803;0.473748;2;14
(10000,10000,20);3803;0.320174;3803;0.454722;2;15
(10000,10000,20);3803;0.322002;3803;0.452146;2;16
(10000,10000,20);3803;0.320224;3803;0.489866;2;17
(10000,10000,20);3803;0.319024;3803;0.516539;2;18
(10000,10000,20);3803;0.323759;3803;0.474396;2;19
(10000,10000,20);3803;0.330524;3803;0.462518;2;20
(10000,10000,20);3803;0.328024;3803;0.438988;2;21
(10000,10000,20);3803;0.322969;3803;0.451663;2;22
(10000,10000,20);3803;0.319469;3803;0.441829;2;23
(10000,10000,20);3803;0.319235;3803;0.461946;2;24
(10000,10000,20);3803;0.319652;3803;0.451416;2;25
(20000,20000,20);7619;1.287871;7619;1.541527;2;1
(20000,20000,20);7619;1.292064;7619;1.537785;2;2
(20000,20000,20);7619;1.291797;7619;1.524992;2;3
(20000,20000,20);7619;1.287594;7619;1.560513;2;4
(20000,20000,20);7619;1.295390;7619;1.507697;2;5
(20000,20000,20);7619;1.289753;7619;1.501390;2;6
(20000,20000,20);7619;1.298297;7619;1.953669;2;7
(20000,20000,20);7619;1.288032;7619;1.520202;2;8
(20000,20000,20);7619;1.296684;7619;1.511260;2;9
(20000,20000,20);7619;1.293883;7619;1.535957;2;10
(20000,20000,20);7619;1.296442;7619;1.545082;2;11
(20000,20000,20);7619;1.292235;7619;1.527629;2;12
(20000,20000,20);7619;1.297478;7619;1.489590;2;13
(20000,20000,20);7619;1.297503;7619;1.640501;2;14
(20000,20000,20);7619;1.321609;7619;1.915913;2;15
(20000,20000,20);7619;1.299309;7619;1.595967;2;16
(20000,20000,20);7619;1.300292;7619;1.494301;2;17
(20000,20000,20);7619;1.312233;7619;1.539977;2;18
(20000,20000,20);7619;1.297004;7619;1.483895;2;19
(20000,20000,20);7619;1.298756;7619;1.536236;2;20
(20000,20000,20);7619;1.300687;7619;1.520416;2;21
(20000,20000,20);7619;1.290127;7619;1.494322;2;22
(20000,20000,20);7619;1.290444;7619;1.520945;2;23
(20000,20000,20);7619;1.289190;7619;1.548125;2;24
(20000,20000,20);7619;1.291545;7619;1.437138;2;25
(30000,30000,20);11426;2.916148;11426;3.270897;2;1
(30000,30000,20);11426;2.931592;11426;3.241445;2;2
(30000,30000,20);11426;2.936610;11426;3.264885;2;3
(30000,30000,20);11426;2.942576;11426;3.227336;2;4
(30000,30000,20);11426;2.964128;11426;3.360394;2;5
(30000,30000,20);11426;2.951286;11426;4.014999;2;6
(30000,30000,20);11426;2.957602;11426;3.370218;2;7
(30000,30000,20);11426;2.932803;11426;3.247090;2;8
(30000,30000,20);11426;2.934544;11426;3.380248;2;9
(30000,30000,20);11426;2.937688;11426;3.064527;2;10
(30000,30000,20);11426;2.932480;11426;3.037289;2;11
(30000,30000,20);11426;2.951160;11426;3.354144;2;12
(30000,30000,20);11426;2.940034;11426;3.407137;2;13
(30000,30000,20);11426;2.928213;11426;3.303936;2;14
(30000,30000,20);11426;2.938325;11426;3.164281;2;15
(30000,30000,20);11426;2.939870;11426;3.176827;2;16
(30000,30000,20);11426;2.986625;11426;3.441387;2;17
(30000,30000,20);11426;2.922793;11426;2.938994;2;18
(30000,30000,20);11426;2.939067;11426;3.171830;2;19
(30000,30000,20);11426;2.928839;11426;3.319229;2;20
(30000,30000,20);11426;2.925189;11426;3.189048;2;21
(30000,30000,20);11426;2.930569;11426;3.203591;2;22
(30000,30000,20);11426;2.930134;11426;3.257034;2;23
(30000,30000,20);11426;2.932096;11426;3.158165;2;24
(30000,30000,20);11426;2.928732;11426;3.148112;2;25
(60000,60000,20);29067;12.099685;-30203;10.187781;2;1
(60000,60000,20);29067;11.500734;-30203;10.439083;2;2
(60000,60000,20);29067;12.174874;-30203;10.186260;2;3
(60000,60000,20);29067;11.408570;-30203;11.012181;2;4
(60000,60000,20);29067;11.376269;-30203;10.066374;2;5
(60000,60000,20);29067;11.335435;-30203;10.001154;2;6
(60000,60000,20);29067;11.428179;-30203;10.214335;2;7
(60000,60000,20);29067;11.459938;-30203;10.125075;2;8
(60000,60000,20);29067;11.452969;-30203;10.055650;2;9
(60000,60000,20);29067;11.432126;-30203;10.325599;2;10
(60000,60000,20);29067;11.594688;-30203;10.231163;2;11
(60000,60000,20);29067;11.458860;-30203;10.039719;2;12
(60000,60000,20);29067;11.470731;-30203;10.069171;2;13
(60000,60000,20);29067;11.477926;-30203;10.352690;2;14
(60000,60000,20);29067;11.495203;-30203;10.353630;2;15
(60000,60000,20);29067;11.409600;-30203;10.041691;2;16
(60000,60000,20);29067;11.497648;-30203;10.388988;2;17
(60000,60000,20);29067;11.482426;-30203;10.208973;2;18
(60000,60000,20);29067;11.377546;-30203;10.156610;2;19
(60000,60000,20);29067;11.474455;-30203;10.045144;2;20
(60000,60000,20);29067;11.624253;-30203;10.138440;2;21
(60000,60000,20);29067;11.472321;-30203;9.962377;2;22
(60000,60000,20);29067;11.439303;-30203;10.241701;2;23
(60000,60000,20);29067;11.436696;-30203;10.321090;2;24
(60000,60000,20);29067;11.469834;-30203;10.209840;2;25
