Size (fileB,fileA,uniqAB);Serial Score;Serial LCS Time;Parallel Score;Parallel LCS Time;Execution
(10000,10000,20);3803;0.424301;3803;0.702182;1;1
(10000,10000,20);3803;0.421962;3803;0.701624;1;2
(10000,10000,20);3803;0.420065;3803;0.701302;1;3
(10000,10000,20);3803;0.421916;3803;0.701543;1;4
(10000,10000,20);3803;0.422066;3803;0.701945;1;5
(10000,10000,20);3803;0.421984;3803;0.701689;1;6
(10000,10000,20);3803;0.421813;3803;0.701894;1;7
(10000,10000,20);3803;0.421987;3803;0.701958;1;8
(10000,10000,20);3803;0.422241;3803;0.701498;1;9
(10000,10000,20);3803;0.432618;3803;0.703783;1;10
(10000,10000,20);3803;0.424977;3803;0.702480;1;11
(10000,10000,20);3803;0.426139;3803;0.702042;1;12
(10000,10000,20);3803;0.430916;3803;0.703082;1;13
(10000,10000,20);3803;0.419846;3803;0.701163;1;14
(10000,10000,20);3803;0.422314;3803;0.701874;1;15
(10000,10000,20);3803;0.431121;3803;0.703104;1;16
(10000,10000,20);3803;0.420018;3803;0.701416;1;17
(10000,10000,20);3803;0.426211;3803;0.702376;1;18
(10000,10000,20);3803;0.419884;3803;0.701097;1;19
(10000,10000,20);3803;0.422039;3803;0.701659;1;20
(10000,10000,20);3803;0.432852;3803;0.703711;1;21
(10000,10000,20);3803;0.432313;3803;0.703709;1;22
(10000,10000,20);3803;0.420958;3803;0.701641;1;23
(10000,10000,20);3803;0.420259;3803;0.701473;1;24
(10000,10000,20);3803;0.432199;3803;0.703645;1;25
(10000,10000,20);3803;0.422053;3803;0.704851;1;26
(10000,10000,20);3803;0.421937;3803;0.701739;1;27
(10000,10000,20);3803;0.420181;3803;0.701434;1;28
(10000,10000,20);3803;0.425140;3803;0.702366;1;29
(10000,10000,20);3803;0.431907;3803;0.702718;1;30
(20000,20000,20);7619;1.721552;7619;2.534953;1;1
(20000,20000,20);7619;1.721426;7619;2.539744;1;2
(20000,20000,20);7619;1.720514;7619;2.542676;1;3
(20000,20000,20);7619;1.797603;7619;2.554846;1;4
(20000,20000,20);7619;1.727320;7619;2.542527;1;5
(20000,20000,20);7619;1.719875;7619;2.534488;1;6
(20000,20000,20);7619;1.724869;7619;2.728256;1;7
(20000,20000,20);7619;1.725627;7619;2.535824;1;8
(20000,20000,20);7619;1.719517;7619;2.543986;1;9
(20000,20000,20);7619;1.721830;7619;2.540661;1;10
(20000,20000,20);7619;1.720495;7619;2.636587;1;11
(20000,20000,20);7619;1.726184;7619;2.541517;1;12
(20000,20000,20);7619;1.725373;7619;2.595544;1;13
(20000,20000,20);7619;1.726071;7619;2.541943;1;14
(20000,20000,20);7619;1.721829;7619;2.540644;1;15
(20000,20000,20);7619;1.723506;7619;2.541524;1;16
(20000,20000,20);7619;1.721119;7619;2.542453;1;17
(20000,20000,20);7619;1.722111;7619;2.542319;1;18
(20000,20000,20);7619;1.721648;7619;2.541537;1;19
(20000,20000,20);7619;1.722001;7619;2.697439;1;20
(20000,20000,20);7619;1.727317;7619;2.542793;1;21
(20000,20000,20);7619;1.727841;7619;2.543657;1;22
(20000,20000,20);7619;1.720108;7619;2.573184;1;23
(20000,20000,20);7619;1.720518;7619;2.541219;1;24
(20000,20000,20);7619;1.722689;7619;2.540911;1;25
(20000,20000,20);7619;1.719784;7619;2.541119;1;26
(20000,20000,20);7619;1.726660;7619;2.715315;1;27
(20000,20000,20);7619;1.726244;7619;2.542681;1;28
(20000,20000,20);7619;1.720949;7619;2.541943;1;29
(20000,20000,20);7619;1.721479;7619;2.543493;1;30
(30000,30000,20);11426;3.716308;11426;5.844055;1;1
(30000,30000,20);11426;3.717437;11426;5.615465;1;2
(30000,30000,20);11426;3.715510;11426;5.622133;1;3
(30000,30000,20);11426;3.720053;11426;5.617628;1;4
(30000,30000,20);11426;3.792094;11426;5.926204;1;5
(30000,30000,20);11426;3.713391;11426;5.619426;1;6
(30000,30000,20);11426;3.716897;11426;5.613419;1;7
(30000,30000,20);11426;3.718133;11426;5.616298;1;8
(30000,30000,20);11426;3.709417;11426;5.789266;1;9
(30000,30000,20);11426;3.851406;11426;5.635935;1;10
(30000,30000,20);11426;3.729960;11426;5.619732;1;11
(30000,30000,20);11426;3.717918;11426;5.616651;1;12
(30000,30000,20);11426;3.904444;11426;5.658155;1;13
(30000,30000,20);11426;3.726420;11426;5.617771;1;14
(30000,30000,20);11426;3.721913;11426;5.716129;1;15
(30000,30000,20);11426;3.875985;11426;5.645253;1;16
(30000,30000,20);11426;3.710778;11426;5.836170;1;17
(30000,30000,20);11426;3.718762;11426;5.619728;1;18
(30000,30000,20);11426;3.718887;11426;5.622565;1;19
(30000,30000,20);11426;3.717803;11426;5.631447;1;20
(30000,30000,20);11426;3.719010;11426;5.836167;1;21
(30000,30000,20);11426;3.717971;11426;5.613594;1;22
(30000,30000,20);11426;3.719857;11426;5.676963;1;23
(30000,30000,20);11426;3.719946;11426;5.617373;1;24
(30000,30000,20);11426;3.717587;11426;5.616234;1;25
(30000,30000,20);11426;3.719446;11426;5.617355;1;26
(30000,30000,20);11426;3.840917;11426;5.883822;1;27
(30000,30000,20);11426;3.878212;11426;5.732262;1;28
(30000,30000,20);11426;3.719623;11426;5.616548;1;29
(30000,30000,20);11426;3.822595;11426;5.667802;1;30
(60000,60000,20);29067;14.668730;-30203;23.384089;1;1
(60000,60000,20);29067;14.565518;-30203;23.186659;1;2
(60000,60000,20);29067;14.374401;-30203;23.642679;1;3
(60000,60000,20);29067;14.544002;-30203;23.384176;1;4
(60000,60000,20);29067;14.371077;-30203;23.451873;1;5
(60000,60000,20);29067;14.539108;-30203;23.399247;1;6
(60000,60000,20);29067;14.569206;-30203;23.448939;1;7
(60000,60000,20);29067;14.371178;-30203;23.563606;1;8
(60000,60000,20);29067;14.748539;-30203;23.191989;1;9
(60000,60000,20);29067;14.371878;-30203;23.454859;1;10
(60000,60000,20);29067;14.551090;-30203;23.190514;1;11
(60000,60000,20);29067;14.425518;-30203;23.997020;1;12
(60000,60000,20);29067;14.416786;-30203;23.757163;1;13
(60000,60000,20);29067;14.555465;-30203;23.436330;1;14
(60000,60000,20);29067;14.416126;-30203;23.274386;1;15
(60000,60000,20);29067;14.373873;-30203;23.457570;1;16
(60000,60000,20);29067;14.366390;-30203;23.435261;1;17
(60000,60000,20);29067;14.559367;-30203;23.773568;1;18
(60000,60000,20);29067;14.362554;-30203;23.629318;1;19
(60000,60000,20);29067;14.571363;-30203;23.411231;1;20
(60000,60000,20);29067;14.375092;-30203;23.649301;1;21
(60000,60000,20);29067;14.378083;-30203;23.250163;1;22
(60000,60000,20);29067;14.735953;-30203;23.494178;1;23
(60000,60000,20);29067;14.561668;-30203;24.207302;1;24
(60000,60000,20);29067;14.427582;-30203;23.817833;1;25
(60000,60000,20);29067;14.374350;-30203;23.847041;1;26
(60000,60000,20);29067;14.435845;-30203;23.744765;1;27
(60000,60000,20);29067;14.517757;-30203;30.621881;1;28
(60000,60000,20);29067;19.216990;-30203;31.876246;1;29
(60000,60000,20);29067;19.593291;-30203;33.903525;1;30
