Size (fileB,fileA,uniqAB);Serial Score;Serial LCS Time;Parallel Score;Parallel LCS Time;Execution
(10,7,6);5;0.000001;5;0.000136;1
(10,7,6);5;0.000001;5;0.000109;2
(10,7,6);5;0.000001;5;0.000120;3
(10,7,6);5;0.000001;5;0.000162;4
(10,7,6);5;0.000001;5;0.000123;5
(10,7,6);5;0.000001;5;0.000123;6
(10,7,6);5;0.000001;5;0.000125;7
(10,7,6);5;0.000001;5;0.000115;8
(10,7,6);5;0.000004;5;0.000169;9
(10,7,6);5;0.000001;5;0.000131;10
(10,7,6);5;0.000001;5;0.000110;11
(10,7,6);5;0.000001;5;0.000114;12
(10,7,6);5;0.000001;5;0.000111;13
(10,7,6);5;0.000001;5;0.000143;14
(10,7,6);5;0.000001;5;0.000119;15
(10,7,6);5;0.000001;5;0.000117;16
(10,7,6);5;0.000001;5;0.000127;17
(10,7,6);5;0.000001;5;0.000119;18
(10,7,6);5;0.000001;5;0.000125;19
(10,7,6);5;0.000001;5;0.000123;20
(846,756,20);302;0.001523;302;0.002041;1
(846,756,20);302;0.001570;302;0.002321;2
(846,756,20);302;0.001741;302;0.002311;3
(846,756,20);302;0.001515;302;0.002109;4
(846,756,20);302;0.001763;302;0.002264;5
(846,756,20);302;0.001565;302;0.002106;6
(846,756,20);302;0.001675;302;0.002288;7
(846,756,20);302;0.001514;302;0.002165;8
(846,756,20);302;0.001524;302;0.002267;9
(846,756,20);302;0.001520;302;0.002175;10
(846,756,20);302;0.001553;302;0.002195;11
(846,756,20);302;0.001535;302;0.002124;12
(846,756,20);302;0.001659;302;0.002211;13
(846,756,20);302;0.001514;302;0.002157;14
(846,756,20);302;0.001724;302;0.002176;15
(846,756,20);302;0.001549;302;0.002106;16
(846,756,20);302;0.001559;302;0.002276;17
(846,756,20);302;0.001513;302;0.002237;18
(846,756,20);302;0.001533;302;0.002150;19
(846,756,20);302;0.001701;302;0.002300;20
(29610,26460,20);10706;6.244472;10706;0.749569;1
(29610,26460,20);10706;2.721102;10706;0.712001;2
